137
134
137
140
144
148
152
156
159
159
159
159
159
157
154
151
147
143
140
136
133
129
125
121
118
115
115
115
115
116
119
122
125
129
132
135
139
143
147
151
155
157
159
159
159
159
157
155
152
148
144
141
137
135
131
127
123
119
116
115
115
115
115
117
120
124
127
131
134
137
140
144
148
152
156
158
159
159
159
158
156
153
150
146
143
139
136
133
129
124
121
118
115
115
115
115
116
119
122
126
129
133
136
139
143
147
151
155
157
159
159
159
159
157
155
152
147
144
140
137
135
131
127
123
120
116
116
115
115
116
118
121
124
128
131
135
138
141
145
149
153
156
159
159
159
159
158
155
152
149
145
142
139
135
132
128
124
120
118
116
116
115
116
117
120
123
126
129
133
136
139
143
147
151
154
157
159
159
135
130
126
122
120
116
116
116
116
118
120
122
126
129
132
135
138
141
145
150
153
156
158
158
158
158
156
154
151
147
144
141
138
136
132
128
124
121
119
117
117
117
118
120
121
124
128
131
134
137
139
143
147
151
153
156
157
157
157
156
154
152
149
145
143
140
137
135
131
127
124
121
119
118
118
119
120
121
124
127
130
132
135
137
140
144
148
151
153
155
155
155
155
153
152
149
147
144
141
139
136
133
130
127
124
121
120
120
120
121
122
124
126
129
131
134
136
139
142
145
148
150
152
153
153
153
152
151
150
147
145
143
140
138
135
132
129
127
124
123
123
122
122
123
124
126
128
130
132
135
137
140
142
145
147
150
152
151
152
152
151
150
148
146
144
142
139
137
134
131
129
127
125
124
124
124
124
124
126
127
129
131
134
136
138
141
144
146
148
150
151
151
151
151
150
148
147
145
143
140
138
136
134
131
128
127
125
124
124
124
124
124
126
128
129
131
134
136
139
141
144
147
148
150
151
151
151
150
150
148
146
144
142
140
137
135
132
129
127
126
124
124
124
124
124
125
127
128
131
133
135
137
140
143
145
148
149
151
151
151
151
150
149
147
145
143
141
139
136
134
131
128
127
125
124
124
124
124
125
126
128
130
132
134
136
139
142
144
147
148
150
151
151
151
150
149
147
146
143
142
139
137
135
132
129
127
126
124
124
124
124
125
126
128
129
131
134
136
138
141
143
146
148
149
151
150
150
150
149
148
146
144
142
140
137
135
132
130
128
126
124
124
124
124
125
126
127
129
131
133
135
137
140
143
145
147
148
150
150
150
150
150
148
147
145
143
140
138
136
134
131
129
127
126
124
124
124
124
125
126
128
129
131
133
135
137
140
142
144
147
148
150
150
150
150
149
148
147
145
143
141
139
136
134
131
129
128
126
124
125
124
125
126
127
128
130
132
134
136
139
141
143
146
147
149
150
150
150
149
148
147
145
143
142
139
137
135
132
130
128
127
125
125
125
125
126
127
128
129
131
134
135
138
140
143
145
147
148
150
149
149
149
148
147
146
144
142
140
138
136
134
131
129
128
126
125
126
126
126
126
128
129
131
133
135
137
139
142
143
145
147
148
149
148
149
148
147
146
144
143
140
139
136
135
132
130
128
127
126
126
126
126
127
128
129
131
132
135
136
138
140
143
144
146
147
148
148
148
148
147
146
144
143
141
139
137
135
133
131
129
128
127
127
127
127
127
128
129
131
132
134
136
138
140
142
143
145
146
148
147
147
147
147
146
144
143
142
140
138
136
134
132
131
129
128
127
128
127
128
128
129
131
132
134
135
137
139
140
142
144
145
147
147
147
147
146
145
144
143
142
140
138
137
135
134
132
131
129
128
128
128
128
129
129
131
132
134
135
136
138
140
141
142
143
144
146
145
145
145
145
144
143
142
140
139
137
136
135
134
132
131
130
129
130
130
130
131
131
133
134
135
136
137
139
140
141
142
143
144
144
144
144
143
143
142
141
140
139
137
136
135
135
134
132
132
131
131
131
131
132
133
134
135
135
136
137
138
139
140
140
141
143
143
143
143
142
142
141
140
140
139
138
137
137
136
135
135
134
133
132
133
132
132
133
134
134
135
135
136
136
137
138
139
139
140
141
142
141
142
141
141
140
140
139
139
138
138
137
136
136
135
135
133
134
134
134
134
134
135
135
135
136
136
137
137
138
139
139
140
141
140
141
141
140
140
140
139
139
138
138
137
137
136
136
135
134
134
134
134
134
134
134
135
135
136
136
136
137
137
139
139
140
141
140
140
140
140
140
140
139
139
138
138
137
137
136
135
135
134
134
134
134
134
135
135
135
136
136
136
137
137
138
139
139
140
140
140
140
140
140
140
139
139
138
138
137
137
137
136
135
135
134
134
134
134
134
135
135
135
136
136
136
137
137
137
138
139
140
140
140
140
140
140
140
139
139
138
138
137
137
137
136
135
135
134
135
134
134
135
135
135
135
136
136
136
137
137
138
139
139
140
140
140
140
140
140
139
139
139
138
138
137
137
136
136
135
134
135
135
134
135
135
135
135
136
136
136
137
137
137
138
139
140
140
140
140
140
140
140
139
139
138
138
138
137
137
136
135
135
135
135
135
135
135
135
135
135
136
136
136
137
137
138
138
139
140
140
140
140
140
140
140
139
139
138
138
138
137
137
136
136
134
135
135
135
135
135
135
135
135
136
136
136
137
137
137
138
139
140
140
140
140
140
140
139
139
139
138
138
137
137
137
136
135
135
135
135
135
135
135
135
135
135
136
136
136
137
137
137
138
139
140
140
140
140
140
140
140
139
139
138
138
138
137
137
136
136
134
135
135
135
135
135
135
135
135
136
136
136
137
137
138
138
140
140
140
140
140
140
140
139
139
139
138
138
138
137
136
136
135
135
135
135
135
135
135
135
135
136
136
136
136
137
137
138
139
140
140
140
140
140
140
140
139
139
139
138
138
137
137
136
136
135
135
135
135
135
135
135
135
135
136
136
136
137
137
137
138
139
140
140
140
140
140
140
139
139
139
138
138
138
137
137
136
136
135
135
135
135
135
135
135
135
136
136
136
136
137
137
138
138
140
140
140
140
140
140
140
139
139
139
138
138
138
137
137
136
135
135
135
135
135
135
135
135
135
136
136
136
136
137
137
138
138
140
140
140
140
140
140
140
139
139
139
138
138
138
137
137
136
136
135
135
135
135
135
135
135
135
135
136
136
136
137
137
137
138
139
140
140
140
140
140
140
139
139
139
138
138
138
137
137
136
136
135
135
135
135
135
135
135
135
136
136
136
136
137
137
137
138
140
140
140
140
140
140
140
139
139
139
138
138
138
137
137
136
135
135
135
135
135
135
135
135
135
136
136
136
137
137
137
138
139
140
139
140
140
140
140
140
139
139
138
138
138
137
137
136
136
135
135
135
135
135
135
135
135
135
136
136
136
137
137
138
138
140
140
140
140
140
140
140
139
139
139
138
138
138
137
137
136
135
135
135
135
135
135
135
135
135
136
136
136
137
137
137
138
139
140
139
140
140
140
140
140
139
139
139
138
138
137
137
137
136
135
135
135
135
135
135
135
135
135
136
136
136
137
137
137
138
139
140
139
140
140
140
140
139
139
139
138
138
138
137
137
136
136
135
135
135
135
135
135
135
135
136
136
136
136
137
137
138
138
139
140
139
140
140
140
140
139
139
139
138
138
137
137
137
136
135
135
135
135
135
135
135
135
135
136
136
136
137
137
137
138
139
140
139
140
140
140
140
140
139
139
139
138
138
137
137
136
136
135
135
135
135
135
135
135
135
135
136
136
136
137
137
137
138
139
140
139
140
140
140
140
139
139
139
138
138
138
137
137
136
135
135
135
135
135
135
135
135
135
136
136
136
136
137
137
138
139
140
139
140
140
140
140
140
139
139
139
138
138
137
137
137
136
135
135
135
135
135
135
135
135
135
136
136
136
137
137
137
138
139
140
139
140
140
140
140
139
139
139
139
138
138
137
137
137
136
135
135
135
135
135
135
135
135
135
136
136
136
137
137
137
138
139
140
139
140
140
140
140
139
139
139
139
138
138
137
137
136
136
135
135
135
135
135
135
135
135
135
136
136
136
137
137
138
138
140
140
139
140
140
140
139
139
139
139
138
138
138
137
137
136
135
135
135
135
135
135
135
135
135
136
136
136
136
137
137
138
139
140
139
139
140
140
140
140
139
139
138
138
138
137
137
137
136
135
135
135
135
135
135
135
135
135
136
136
136
137
137
137
138
139
140
139
140
140
140
140
139
139
139
138
138
138
137
137
137
136
135
135
135
135
135
135
135
135
135
136
136
136
136
137
137
138
139
140
139
139
140
140
140
140
139
139
139
138
138
138
137
137
136
135
135
135
135
135
135
135
135
135
136
136
136
136
137
137
138
139
140
139
140
140
140
140
139
139
139
139
138
138
137
137
137
136
135
135
135
135
135
135
135
135
135
136
136
136
136
137
137
138
139
140
139
140
140
140
140
139
139
139
139
138
138
137
137
137
136
135
135
135
135
135
135
135
135
135
136
136
136
137
137
137
138
139
140
139
140
140
140
140
139
139
139
138
138
138
137
137
136
