136
138
138
138
138
138
137
137
137
137
137
137
137
137
136
136
136
136
136
136
136
136
136
136
136
136
136
137
137
137
137
137
138
138
138
138
138
139
138
138
138
138
138
137
137
137
137
137
136
136
136
136
136
136
136
136
136
136
136
137
137
137
137
137
137
138
138
138
138
138
139
138
138
138
138
138
137
137
137
137
137
136
136
136
136
136
136
136
136
136
136
136
136
136
137
137
137
137
137
138
138
138
138
138
138
139
139
138
138
138
138
137
137
137
137
137
136
136
136
136
136
136
136
136
136
136
136
136
137
137
137
137
138
138
138
138
138
138
139
139
139
138
138
138
137
137
137
137
137
136
136
136
136
136
136
136
136
136
136
136
136
137
137
137
137
137
138
138
138
138
138
138
139
139
138
138
138
137
137
137
137
137
137
136
136
136
136
136
136
136
136
136
136
136
136
137
137
137
137
138
138
138
138
138
139
139
139
138
138
138
138
137
137
137
137
137
136
136
136
136
137
137
137
137
137
138
138
138
138
138
139
138
138
138
138
138
137
137
137
137
136
136
136
136
136
136
136
136
136
136
136
136
137
137
137
137
137
138
138
138
138
139
139
139
139
138
138
138
138
137
137
137
137
136
136
136
136
136
136
136
136
136
136
136
136
137
137
137
137
137
138
138
138
138
138
139
139
139
138
138
138
138
137
137
137
137
137
136
136
136
136
136
136
136
136
136
136
136
137
137
137
137
137
137
138
138
138
138
138
138
139
138
138
138
138
137
137
137
137
137
136
136
136
136
136
136
136
136
136
136
136
136
137
137
137
137
138
138
138
138
138
138
139
139
139
138
138
138
138
137
137
137
137
136
136
136
136
136
136
136
136
136
136
136
136
137
137
137
137
137
138
138
138
138
138
139
139
139
138
138
138
138
137
137
137
137
137
136
136
136
136
136
136
136
136
136
136
136
137
137
137
137
137
138
138
138
138
138
139
139
139
138
138
138
138
137
137
137
137
137
136
136
136
136
136
136
136
136
136
136
136
137
137
137
137
137
137
138
138
138
138
138
139
139
138
138
138
138
138
137
137
137
137
136
136
136
136
136
136
136
136
136
136
136
136
137
137
137
137
137
138
138
138
138
138
138
139
139
138
138
138
138
137
137
137
137
136
136
136
136
136
136
136
136
136
136
136
136
137
137
137
137
137
137
138
138
138
138
139
139
139
138
138
138
138
137
137
137
137
137
136
136
136
136
136
136
136
136
136
136
136
136
137
137
137
137
137
138
138
138
138
139
139
139
139
138
138
138
138
137
137
137
137
137
136
136
136
136
136
136
136
136
136
136
136
136
137
137
137
137
137
138
138
138
138
138
139
139
139
138
138
138
138
137
137
137
137
136
136
136
136
136
136
136
136
136
136
136
136
137
137
137
137
137
138
138
138
138
139
138
139
139
138
138
138
138
137
137
137
137
137
136
136
136
136
136
136
136
136
136
136
136
136
137
137
137
137
137
138
138
138
138
139
138
139
139
138
138
138
138
137
137
137
137
136
136
136
136
136
136
136
136
136
136
136
136
137
137
137
137
137
138
138
138
138
139
138
139
139
138
138
138
138
137
137
137
137
137
136
136
136
136
136
136
136
136
136
136
136
137
137
137
137
137
137
138
138
138
139
138
139
139
138
138
138
138
137
137
137
137
137
136
136
136
136
136
136
136
136
136
136
136
136
137
137
137
137
138
138
138
138
138
138
139
139
138
138
138
138
137
137
137
137
137
136
136
136
136
136
136
136
136
136
136
136
136
137
137
137
137
137
138
138
138
138
139
139
139
139
138
138
138
138
137
137
137
137
136
136
136
136
136
136
136
136
136
136
136
131
127
127
128
131
134
136
140
143
147
152
155
158
159
160
160
159
158
155
152
148
144
140
136
133
129
125
121
118
115
113
113
113
114
116
119
123
127
130
134
138
142
145
150
153
156
159
160
161
160
159
156
153
150
146
142
138
135
131
127
123
119
116
114
113
113
114
115
118
121
126
129
133
137
140
144
148
152
156
158
160
161
161
159
158
155
151
147
143
140
136
132
128
124
120
117
115
113
113
113
115
118
120
124
128
132
135
139
143
147
151
155
158
160
161
161
160
159
156
152
149
145
141
137
134
130
126
121
118
116
114
113
113
115
117
120
123
127
131
135
138
142
145
150
154
157
159
161
161
161
159
158
155
151
147
143
140
136
133
129
126
121
118
116
114
113
113
114
116
120
123
127
131
135
138
141
145
150
154
157
159
160
161
160
159
157
154
150
146
142
139
135
131
127
123
119
116
114
113
113
114
115
118
121
126
129
133
136
140
144
148
152
156
159
160
160
160
159
158
155
151
147
143
140
136
132
128
124
120
117
115
113
113
113
115
117
120
124
128
132
135
139
142
147
151
155
158
159
160
161
160
159
156
153
150
146
142
139
135
132
128
124
120
117
115
114
113
113
115
117
120
124
128
131
135
139
142
146
151
154
157
159
160
161
160
159
156
153
150
146
142
138
135
131
127
123
119
117
115
114
114
115
116
119
123
126
130
134
137
140
144
149
153
156
159
160
161
161
159
158
155
151
147
143
140
136
133
129
124
121
118
115
114
113
114
115
118
121
124
128
132
135
139
142
147
151
154
157
159
160
160
159
158
156
152
149
145
141
137
135
131
127
123
119
116
115
114
114
115
117
120
123
127
130
134
137
140
144
149
152
156
158
160
160
160
159
156
154
151
147
143
139
136
133
129
125
121
118
116
115
115
115
116
118
122
125
129
132
136
139
143
147
151
155
157
159
159
160
159
158
155
152
148
144
140
137
135
131
127
122
119
116
115
115
115
116
118
122
125
129
132
136
139
142
147
151
154
157
159
159
159
159
156
154
151
147
144
140
137
135
131
127
123
120
118
116
115
116
117
119
122
125
128
132
135
139
140
145
149
152
156
158
158
158
158
156
154
152
148
145
141
138
135
132
128
124
121
119
117
117
117
118
120
122
124
128
131
134
137
140
143
147
151
153
156
157
157
156
156
154
151
148
145
142
139
137
134
130
127
123
121
120
119
119
119
120
123
125
128
130
133
136
138
142
145
148
152
153
155
155
155
154
153
151
148
146
143
140
138
135
132
129
126
124
122
121
120
121
121
123
125
127
129
132
135
137
140
143
146
149
151
152
153
153
152
152
151
148
147
144
142
139
136
134
131
128
126
124
123
122
122
123
124
125
127
129
131
134
136
139
142
145
147
150
151
152
152
152
151
150
148
147
144
142
139
136
134
131
128
126
124
123
123
123
123
124
125
127
129
131
134
136
139
142
144
147
149
151
152
152
152
151
150
149
147
144
142
140
137
134
131
128
126
124
123
123
123
123
124
124
126
128
131
133
135
138
141
144
147
149
151
152
152
152
152
151
150
147
145
143
140
138
135
133
131
128
126
124
123
123
122
123
123
124
126
128
130
132
135
139
142
144
147
149
151
151
152
152
151
150
148
147
144
142
139
136
134
131
128
126
124
123
123
123
123
124
126
128
129
132
135
137
140
143
145
148
150
151
152
152
152
151
150
147
146
143
141
139
136
134
131
128
126
124
124
123
123
123
124
125
127
129
131
134
136
139
142
145
147
149
151
151
152
151
151
150
148
146
143
141
139
136
133
131
128
126
124
123
123
123
124
124
126
128
130
132
135
137
140
143
146
148
150
151
152
152
151
150
149
147
145
143
140
137
135
132
129
127
125
124
123
123
123
124
125
127
129
131
134
136
139
142
144
147
149
150
151
151
151
151
149
147
146
143
141
139
136
134
131
128
126
124
124
124
124
124
125
127
128
130
133
135
137
140
143
145
148
150
151
151
151
151
150
148
147
144
142
140
137
135
132
130
128
126
125
124
124
124
124
125
126
128
130
132
134
136
140
142
144
147
149
150
151
151
151
150
148
147
145
143
141
138
136
133
131
128
126
125
124
124
124
124
126
127
129
131
133
135
138
140
143
145
147
149
150
150
150
150
149
148
146
144
142
140
137
135
132
130
128
126
125
124
124
124
126
127
128
130
132
135
137
139
142
144
146
148
149
150
150
150
149
148
147
145
143
140
138
136
134
131
129
127
126
125
125
125
125
126
128
129
131
133
135
138
140
143
145
147
148
149
149
149
149
148
147
145
143
142
139
137
135
133
131
128
127
126
126
126
126
126
128
129
131
132
135
137
139
141
143
145
147
147
148
148
148
148
147
145
144
142
140
138
136
134
132
130
129
128
127
127
127
127
128
129
131
132
134
136
138
140
142
143
145
146
147
147
147
147
147
145
144
142
140
139
137
135
134
132
131
129
128
128
128
128
128
128
129
131
132
134
135
137
139
141
142
143
145
146
146
146
146
146
145
143
142
140
139
137
135
134
133
131
131
129
129
129
129
129
130
131
132
134
135
136
138
139
140
142
143
144
144
145
145
144
144
143
142
140
140
138
137
135
135
134
132
132
131
131
131
131
131
131
133
134
135
136
137
138
139
140
141
142
143
143
143
143
143
143
142
140
140
139
